The mic006.txt data file.  It will give an error since 1 register # is missing.

80 microinstruction(s):

A   C
M   O    A        M  M        E
U   N    L    S   B  A  R  W  N     C        B        A          ADDR
X   D    U    H   R  R  D  R  C

0  0 0  1 0  0 0  0  1  1  0  0  0 0 0 0  0 0 0 0  0 0 0 0  0 0 0 0 0 0 0 0
0  0 0  0 0  0 0  0  0  1  0  1  0 0 0 0  0 0 0 0  0 1 1 0  0 0 0 0 0 0 0 0
1  0 1  1 0  0 0  0  0  0  0  1  0 0 1 1  0 0 0 0  0 0 0 0  0 0 0 1 1 1 0 0
0  0 1  0 0  1 0  0  0  0  0  1  0 1 0 0  0 0 1 1  0 0 1 1  0 0 0 1 0 0 1 1
0  0 1  1 0  1 0  0  0  0  0  1  0 1 0 0  0 0 0 0  0 1 0 0  0 0 0 0 1 0 1 1
0  0 1  1 0  0 0  0  0  0  0  0  0 0 0 0  0 0 0 0  0 1 0 0  0 0 0 0 1 0 0 1
0  0 0  1 0  0 0  0  1  1  0  0  0 0 0 0  0 0 1 1  0 0 0 0  0 0 0 0 0 0 0 0
0  0 0  1 0  0 0  0  0  1  0  0  0 0 0 0  0 0 0 0  0 0 0 0  0 0 0 0 0 0 0 0
1  1 1  1 0  0 0  0  0  0  0  1  0 0 0 1  0 0 0 0  0 0 0 0  0 0 0 0 0 0 0 0
0  0 0  1 0  0 0  1  1  0  1  0  0 0 0 0  0 0 1 1  0 0 0 1  0 0 0 0 0 0 0 0
0  1 1  1 0  0 0  0  0  0  1  0  0 0 0 0  0 0 0 0  0 0 0 0  0 0 0 0 0 0 0 0
0  0 1  1 0  0 0  0  0  0  0  0  0 0 0 0  0 0 0 0  0 1 0 0  0 0 0 0 1 1 1 1
0  0 0  1 0  0 0  0  1  1  0  0  0 0 0 0  0 0 1 1  0 0 0 0  0 0 0 0 0 0 0 0
0  0 0  1 0  0 0  0  0  1  0  0  0 0 0 0  0 0 0 0  0 0 0 0  0 0 0 0 0 0 0 0
1  1 1  0 0  0 0  0  0  0  0  1  0 0 0 1  0 0 0 1  0 0 0 0  0 0 0 0 0 0 0 0
0  0 0  1 0  0 0  0  1  1  0  0  0 0 0 0  0 0 1 1  0 0 0 0  0 0 0 0 0 0 0 0
0  0 0  0 0  0 0  0  0  1  0  1  0 0 0 1  0 0 0 1  0 1 1 0  0 0 0 0 0 0 0 0
1  0 0  1 1  0 0  0  0  0  0  1  1 0 1 0  0 0 0 0  0 0 0 0  0 0 0 0 0 0 0 0
0  1 1  0 0  0 0  0  0  0  0  1  0 0 0 1  0 0 0 1  1 0 1 0  0 0 0 0 0 0 0 0
0  0 1  1 0  1 0  0  0  0  0  1  0 1 0 0  0 0 0 0  0 1 0 0  0 0 0 1 1 0 0 1
0  0 1  1 0  0 0  0  0  0  0  0  0 0 0 0  0 0 0 0  0 1 0 0  0 0 0 1 0 1 1 1
0  0 1  1 0  0 0  0  0  0  0  0  0 0 0 0  0 0 0 0  0 0 0 1  0 0 0 0 0 0 0 0
0  1 1  0 1  0 0  0  0  0  0  1  0 0 0 0  0 0 1 1  1 0 0 0  0 0 0 0 0 0 0 0
0  1 0  1 0  0 0  0  0  0  0  0  0 0 0 0  0 0 0 0  0 0 0 1  0 0 0 1 0 1 1 0
0  1 1  1 0  0 0  0  0  0  0  0  0 0 0 0  0 0 0 0  0 0 0 0  0 0 0 0 0 0 0 0
0  0 1  1 0  0 0  0  0  0  0  0  0 0 0 0  0 0 0 0  0 1 0 0  0 0 0 1 1 0 1 1
0  1 1  0 1  0 0  0  0  0  0  1  0 0 0 0  0 0 1 1  1 0 0 0  0 0 0 0 0 0 0 0
0  1 1  0 1  0 0  0  0  0  0  1  0 0 0 1  0 0 1 1  1 0 0 0  0 0 0 0 0 0 0 0
0  0 1  0 0  1 0  0  0  0  0  1  0 1 0 0  0 0 1 1  0 0 1 1  0 0 1 0 1 0 0 0
0  0 1  1 0  1 0  0  0  0  0  1  0 1 0 0  0 0 0 0  0 1 0 0  0 0 1 0 0 0 1 1
0  0 1  1 0  0 0  0  0  0  0  0  0 0 0 0  0 0 0 0  0 1 0 0  0 0 1 0 0 0 0 1
0  0 0  0 0  0 0  0  0  0  0  1  1 0 1 0  0 0 1 1  0 0 1 0  0 0 0 0 0 0 0 0
0  1 1  1 0  0 0  0  1  1  0  0  0 0 0 0  1 0 1 0  0 0 0 0  0 0 0 0 0 1 1 1
0  0 0  0 0  0 0  0  0  0  0  1  1 0 1 0  0 0 1 1  0 0 1 0  0 0 0 0 0 0 0 0
0  1 1  1 0  0 0  1  1  0  1  0  0 0 0 0  1 0 1 0  0 0 0 1  0 0 0 0 1 0 1 0
0  0 1  1 0  0 0  0  0  0  0  0  0 0 0 0  0 0 0 0  0 1 0 0  0 0 1 0 0 1 1 0
0  0 0  0 0  0 0  0  0  0  0  1  1 0 1 0  0 0 1 1  0 0 1 0  0 0 0 0 0 0 0 0
0  1 1  1 0  0 0  0  1  1  0  0  0 0 0 0  1 0 1 0  0 0 0 0  0 0 0 0 1 1 0 1
0  0 0  0 0  0 0  0  0  0  0  1  1 0 1 0  0 0 1 1  0 0 1 0  0 0 0 0 0 0 0 0
0  1 1  1 0  0 0  0  1  1  0  0  0 0 0 0  1 0 1 0  0 0 0 0  0 0 0 1 0 0 0 0
0  0 1  1 0  1 0  0  0  0  0  1  0 1 0 0  0 0 0 0  0 1 0 0  0 0 1 0 1 1 1 0
0  0 1  1 0  0 0  0  0  0  0  0  0 0 0 0  0 0 0 0  0 1 0 0  0 0 1 0 1 1 0 0
0  0 1  1 0  0 0  0  0  0  0  0  0 0 0 0  0 0 0 0  0 0 0 1  0 0 0 1 0 1 1 0
0  1 1  1 0  0 0  0  0  0  0  0  0 0 0 0  0 0 0 0  0 0 0 0  0 0 0 0 0 0 0 0
0  1 0  1 0  0 0  0  0  0  0  0  0 0 0 0  0 0 0 0  0 0 0 1  0 0 0 0 0 0 0 0
0  1 1  0 1  0 0  0  0  0  0  1  0 0 0 0  0 0 1 1  1 0 0 0  0 0 0 0 0 0 0 0
0  0 1  1 0  1 0  0  0  0  0  1  0 1 0 0  0 0 0 0  0 1 0 0  0 0 1 1 0 0 1 0
0  0 0  0 0  0 0  0  0  0  0  1  0 0 1 0  0 1 1 1  0 0 1 0  0 0 0 0 0 0 0 0
0  0 0  1 0  0 0  1  1  0  1  0  0 0 0 0  0 0 1 0  0 0 0 0  0 0 0 0 0 0 0 0
0  1 1  0 1  0 0  0  0  0  1  1  0 0 0 0  0 0 1 1  1 0 0 0  0 0 0 0 0 0 0 0
0  0 1  1 0  1 0  0  0  0  0  1  0 1 0 0  0 0 0 0  0 1 0 0  0 1 0 0 0 0 0 1
0  0 1  1 0  1 0  0  0  0  0  1  0 1 0 0  0 0 0 0  0 1 0 0  0 0 1 1 1 0 1 1
0  0 1  1 0  0 0  0  0  0  0  0  0 0 0 0  0 0 0 0  0 1 0 0  0 0 1 1 1 0 0 0
0  0 0  1 0  0 0  0  1  1  0  0  0 0 0 0  0 0 0 1  0 0 0 0  0 0 0 0 0 0 0 0
0  0 0  0 0  0 0  0  0  1  0  1  0 0 1 0  0 1 1 1  0 0 1 0  0 0 0 0 0 0 0 0
0  1 1  1 0  0 0  0  1  0  1  0  0 0 0 0  0 0 1 0  0 0 0 0  0 0 0 0 1 0 1 0
0  0 0  0 0  0 0  0  1  1  0  1  0 0 1 0  0 0 1 0  0 1 1 0  0 0 0 0 0 0 0 0
0  0 0  1 0  0 0  0  0  1  0  0  0 0 0 0  0 0 0 0  0 0 0 0  0 0 0 0 0 0 0 0
0  1 1  1 0  0 0  0  1  0  1  0  0 0 0 0  0 0 0 1  0 0 0 0  0 0 0 0 1 0 1 0
0  0 1  1 0  0 0  0  0  0  0  0  0 0 0 0  0 0 0 0  0 1 0 0  0 0 1 1 1 1 1 0
0  0 0  0 0  0 0  0  0  0  0  1  0 0 1 0  0 1 1 1  0 0 1 0  0 0 0 0 0 0 0 0
0  1 1  1 0  0 0  1  1  0  1  0  0 0 0 0  0 0 1 0  0 0 0 1  0 0 0 0 1 0 1 0
0  0 0  0 0  0 0  0  1  1  0  1  0 0 1 0  0 0 1 0  0 1 1 0  0 0 0 0 0 0 0 0
0  0 0  1 0  0 0  0  0  1  0  0  0 0 0 0  0 0 0 0  0 0 0 0  0 0 0 0 0 0 0 0
1  1 1  1 0  0 0  0  0  0  0  1  0 0 0 1  0 0 0 0  0 0 0 0  0 0 0 0 0 0 0 0
0  0 1  1 0  1 0  0  0  0  0  1  0 1 0 0  0 0 0 0  0 1 0 0  0 1 0 0 1 0 0 1
0  0 1  1 0  0 0  0  0  0  0  0  0 0 0 0  0 0 0 0  0 1 0 0  0 1 0 0 0 1 1 0
0  0 0  0 0  0 0  0  1  1  0  1  0 0 1 0  0 0 1 0  0 1 1 0  0 0 0 0 0 0 0 0
0  0 0  1 0  0 0  0  0  1  0  0  0 0 0 0  0 0 0 0  0 0 0 0  0 0 0 0 0 0 0 0
1  1 1  1 0  0 0  0  0  0  0  1  0 0 0 0  0 0 0 0  0 0 0 0  0 0 0 0 0 0 0 0
0  0 0  1 0  0 0  0  0  0  0  1  1 0 1 0  0 0 0 0  0 0 0 1  0 0 0 0 0 0 0 0
0  0 0  1 0  0 0  0  0  0  0  1  0 0 0 1  0 0 0 0  0 0 1 0  0 0 0 0 0 0 0 0
0  1 1  1 0  0 0  0  0  0  0  1  0 0 1 0  0 0 0 0  1 0 1 0  0 0 0 0 0 0 0 0
0  0 1  1 0  1 0  0  0  0  0  1  0 1 0 0  0 0 0 0  0 1 0 0  0 1 0 0 1 1 0 0
0  0 0  0 1  0 0  0  0  0  0  1  1 0 1 0  0 0 1 1  1 0 0 1  0 0 0 0 0 0 0 0
0  1 1  0 0  0 0  0  0  0  0  1  0 0 1 0  0 0 1 0  1 0 1 0  0 0 0 0 0 0 0 0
0  0 1  1 0  0 0  0  0  0  0  0  0 0 0 0  0 0 0 0  0 1 0 0  0 1 0 1 0 0 0 0
0  0 0  0 1  0 0  0  0  0  0  1  1 0 1 0  0 0 1 1  1 0 0 1  0 0 0 0 0 0 0 0
0  0 0  1 1  0 0  0  0  0  0  1  1 0 1 0  0 0 0 0  1 0 1 0  0 0 0 0 0 0 0 0
0  1 1  0 0  0 0  0  0  0  0  1  1 0 1 0  1 0 1 0  0 1 1 0  0 1 0 0 1 0 1 1

13 Mac-1 instructions:

0 0 0 0   0 0 0 0   0 0 1 0   1 0 0 0
1 1 1 1   0 1 0 0   0 0 0 0   0 0 0 0
0 1 1 1   0 0 0 0   0 0 1 0   1 0 0 1
1 1 1 1   0 1 0 0   0 0 0 0   0 0 0 0
1 1 1 0   0 0 0 0   0 0 0 0   0 1 1 1
1 1 1 1   1 1 0 0   0 0 0 0   0 0 1 0
1 1 1 1   1 1 1 1   0 0 0 0   0 0 0 0
1 0 0 0   0 0 0 0   0 0 0 0   0 0 1 0
1 0 1 0   0 0 0 0   0 0 0 0   0 0 1 0
1 1 1 1   0 1 0 0   0 0 0 0   0 0 0 0
1 0 0 0   0 0 0 0   0 0 0 0   0 0 1 0
1 1 1 1   0 0 1 0   0 0 0 0   0 0 0 0
1 1 1 1   1 0 0 0   0 0 0 0   0 0 0 0

1 data item for main memory:

6

Register values:

PC  AC  SP  IR  TIR  0  +1  -1  AMASK  SMASK  A  B  C  D  E  F

0   0   69  0   0    0   1  -1  4095   255    0  0  0  0  0

The last register number has been deleted!

The assembly code for the Mac-1 instructions follows:

 0:	LODD 40		start of the main program
 1:	PUSH		push the call by value parameter
 2:	LOCO 41
 3:	PUSH		push the address (for a call by reference parameter)
 4:	CALL 7		call the procedure
 5:	INSP 2		remove the parameters from the stack
 6:	HALT
 7:	LODL 2		start of procedure - get the call by value parameter
 8:	ADDL 2		and add it to itself
 9:	PUSH		temporarily push the sum onto the stack
10:	LODL 2		get the address of where to put the sum
11:	POPI		and put it there
12:	RETN

End of the mic006.txt data file.
