The mic015.txt data file.  Contains a Mac-1 program that adds the
constants 4 and 3, and pushes the sum onto the stack.

80 microinstructions:

A   C
M   O    A        M  M        E
U   N    L    S   B  A  R  W  N     C        B        A          ADDR
X   D    U    H   R  R  D  R  C

0  0 0  1 0  0 0  0  1  1  0  0  0 0 0 0  0 0 0 0  0 0 0 0  0 0 0 0 0 0 0 0
0  0 0  0 0  0 0  0  0  1  0  1  0 0 0 0  0 0 0 0  0 1 1 0  0 0 0 0 0 0 0 0
1  0 1  1 0  0 0  0  0  0  0  1  0 0 1 1  0 0 0 0  0 0 0 0  0 0 0 1 1 1 0 0
0  0 1  0 0  1 0  0  0  0  0  1  0 1 0 0  0 0 1 1  0 0 1 1  0 0 0 1 0 0 1 1
0  0 1  1 0  1 0  0  0  0  0  1  0 1 0 0  0 0 0 0  0 1 0 0  0 0 0 0 1 0 1 1
0  0 1  1 0  0 0  0  0  0  0  0  0 0 0 0  0 0 0 0  0 1 0 0  0 0 0 0 1 0 0 1
0  0 0  1 0  0 0  0  1  1  0  0  0 0 0 0  0 0 1 1  0 0 0 0  0 0 0 0 0 0 0 0
0  0 0  1 0  0 0  0  0  1  0  0  0 0 0 0  0 0 0 0  0 0 0 0  0 0 0 0 0 0 0 0
1  1 1  1 0  0 0  0  0  0  0  1  0 0 0 1  0 0 0 0  0 0 0 0  0 0 0 0 0 0 0 0
0  0 0  1 0  0 0  1  1  0  1  0  0 0 0 0  0 0 1 1  0 0 0 1  0 0 0 0 0 0 0 0
0  1 1  1 0  0 0  0  0  0  1  0  0 0 0 0  0 0 0 0  0 0 0 0  0 0 0 0 0 0 0 0
0  0 1  1 0  0 0  0  0  0  0  0  0 0 0 0  0 0 0 0  0 1 0 0  0 0 0 0 1 1 1 1
0  0 0  1 0  0 0  0  1  1  0  0  0 0 0 0  0 0 1 1  0 0 0 0  0 0 0 0 0 0 0 0
0  0 0  1 0  0 0  0  0  1  0  0  0 0 0 0  0 0 0 0  0 0 0 0  0 0 0 0 0 0 0 0
1  1 1  0 0  0 0  0  0  0  0  1  0 0 0 1  0 0 0 1  0 0 0 0  0 0 0 0 0 0 0 0
0  0 0  1 0  0 0  0  1  1  0  0  0 0 0 0  0 0 1 1  0 0 0 0  0 0 0 0 0 0 0 0
0  0 0  0 0  0 0  0  0  1  0  1  0 0 0 1  0 0 0 1  0 1 1 0  0 0 0 0 0 0 0 0
1  0 0  1 1  0 0  0  0  0  0  1  1 0 1 0  0 0 0 0  0 0 0 0  0 0 0 0 0 0 0 0
0  1 1  0 0  0 0  0  0  0  0  1  0 0 0 1  0 0 0 1  1 0 1 0  0 0 0 0 0 0 0 0
0  0 1  1 0  1 0  0  0  0  0  1  0 1 0 0  0 0 0 0  0 1 0 0  0 0 0 1 1 0 0 1
0  0 1  1 0  0 0  0  0  0  0  0  0 0 0 0  0 0 0 0  0 1 0 0  0 0 0 1 0 1 1 1
0  0 1  1 0  0 0  0  0  0  0  0  0 0 0 0  0 0 0 0  0 0 0 1  0 0 0 0 0 0 0 0
0  1 1  0 1  0 0  0  0  0  0  1  0 0 0 0  0 0 1 1  1 0 0 0  0 0 0 0 0 0 0 0
0  1 0  1 0  0 0  0  0  0  0  0  0 0 0 0  0 0 0 0  0 0 0 1  0 0 0 1 0 1 1 0
0  1 1  1 0  0 0  0  0  0  0  0  0 0 0 0  0 0 0 0  0 0 0 0  0 0 0 0 0 0 0 0
0  0 1  1 0  0 0  0  0  0  0  0  0 0 0 0  0 0 0 0  0 1 0 0  0 0 0 1 1 0 1 1
0  1 1  0 1  0 0  0  0  0  0  1  0 0 0 0  0 0 1 1  1 0 0 0  0 0 0 0 0 0 0 0
0  1 1  0 1  0 0  0  0  0  0  1  0 0 0 1  0 0 1 1  1 0 0 0  0 0 0 0 0 0 0 0
0  0 1  0 0  1 0  0  0  0  0  1  0 1 0 0  0 0 1 1  0 0 1 1  0 0 1 0 1 0 0 0
0  0 1  1 0  1 0  0  0  0  0  1  0 1 0 0  0 0 0 0  0 1 0 0  0 0 1 0 0 0 1 1
0  0 1  1 0  0 0  0  0  0  0  0  0 0 0 0  0 0 0 0  0 1 0 0  0 0 1 0 0 0 0 1
0  0 0  0 0  0 0  0  0  0  0  1  1 0 1 0  0 0 1 1  0 0 1 0  0 0 0 0 0 0 0 0
0  1 1  1 0  0 0  0  1  1  0  0  0 0 0 0  1 0 1 0  0 0 0 0  0 0 0 0 0 1 1 1
0  0 0  0 0  0 0  0  0  0  0  1  1 0 1 0  0 0 1 1  0 0 1 0  0 0 0 0 0 0 0 0
0  1 1  1 0  0 0  1  1  0  1  0  0 0 0 0  1 0 1 0  0 0 0 1  0 0 0 0 1 0 1 0
0  0 1  1 0  0 0  0  0  0  0  0  0 0 0 0  0 0 0 0  0 1 0 0  0 0 1 0 0 1 1 0
0  0 0  0 0  0 0  0  0  0  0  1  1 0 1 0  0 0 1 1  0 0 1 0  0 0 0 0 0 0 0 0
0  1 1  1 0  0 0  0  1  1  0  0  0 0 0 0  1 0 1 0  0 0 0 0  0 0 0 0 1 1 0 1
0  0 0  0 0  0 0  0  0  0  0  1  1 0 1 0  0 0 1 1  0 0 1 0  0 0 0 0 0 0 0 0
0  1 1  1 0  0 0  0  1  1  0  0  0 0 0 0  1 0 1 0  0 0 0 0  0 0 0 1 0 0 0 0
0  0 1  1 0  1 0  0  0  0  0  1  0 1 0 0  0 0 0 0  0 1 0 0  0 0 1 0 1 1 1 0
0  0 1  1 0  0 0  0  0  0  0  0  0 0 0 0  0 0 0 0  0 1 0 0  0 0 1 0 1 1 0 0
0  0 1  1 0  0 0  0  0  0  0  0  0 0 0 0  0 0 0 0  0 0 0 1  0 0 0 1 0 1 1 0
0  1 1  1 0  0 0  0  0  0  0  0  0 0 0 0  0 0 0 0  0 0 0 0  0 0 0 0 0 0 0 0
0  1 0  1 0  0 0  0  0  0  0  0  0 0 0 0  0 0 0 0  0 0 0 1  0 0 0 0 0 0 0 0
0  1 1  0 1  0 0  0  0  0  0  1  0 0 0 0  0 0 1 1  1 0 0 0  0 0 0 0 0 0 0 0
0  0 1  1 0  1 0  0  0  0  0  1  0 1 0 0  0 0 0 0  0 1 0 0  0 0 1 1 0 0 1 0
0  0 0  0 0  0 0  0  0  0  0  1  0 0 1 0  0 1 1 1  0 0 1 0  0 0 0 0 0 0 0 0
0  0 0  1 0  0 0  1  1  0  1  0  0 0 0 0  0 0 1 0  0 0 0 0  0 0 0 0 0 0 0 0
0  1 1  0 1  0 0  0  0  0  1  1  0 0 0 0  0 0 1 1  1 0 0 0  0 0 0 0 0 0 0 0
0  0 1  1 0  1 0  0  0  0  0  1  0 1 0 0  0 0 0 0  0 1 0 0  0 1 0 0 0 0 0 1
0  0 1  1 0  1 0  0  0  0  0  1  0 1 0 0  0 0 0 0  0 1 0 0  0 0 1 1 1 0 1 1
0  0 1  1 0  0 0  0  0  0  0  0  0 0 0 0  0 0 0 0  0 1 0 0  0 0 1 1 1 0 0 0
0  0 0  1 0  0 0  0  1  1  0  0  0 0 0 0  0 0 0 1  0 0 0 0  0 0 0 0 0 0 0 0
0  0 0  0 0  0 0  0  0  1  0  1  0 0 1 0  0 1 1 1  0 0 1 0  0 0 0 0 0 0 0 0
0  1 1  1 0  0 0  0  1  0  1  0  0 0 0 0  0 0 1 0  0 0 0 0  0 0 0 0 1 0 1 0
0  0 0  0 0  0 0  0  1  1  0  1  0 0 1 0  0 0 1 0  0 1 1 0  0 0 0 0 0 0 0 0
0  0 0  1 0  0 0  0  0  1  0  0  0 0 0 0  0 0 0 0  0 0 0 0  0 0 0 0 0 0 0 0
0  1 1  1 0  0 0  0  1  0  1  0  0 0 0 0  0 0 0 1  0 0 0 0  0 0 0 0 1 0 1 0
0  0 1  1 0  0 0  0  0  0  0  0  0 0 0 0  0 0 0 0  0 1 0 0  0 0 1 1 1 1 1 0
0  0 0  0 0  0 0  0  0  0  0  1  0 0 1 0  0 1 1 1  0 0 1 0  0 0 0 0 0 0 0 0
0  1 1  1 0  0 0  1  1  0  1  0  0 0 0 0  0 0 1 0  0 0 0 1  0 0 0 0 1 0 1 0
0  0 0  0 0  0 0  0  1  1  0  1  0 0 1 0  0 0 1 0  0 1 1 0  0 0 0 0 0 0 0 0
0  0 0  1 0  0 0  0  0  1  0  0  0 0 0 0  0 0 0 0  0 0 0 0  0 0 0 0 0 0 0 0
1  1 1  1 0  0 0  0  0  0  0  1  0 0 0 1  0 0 0 0  0 0 0 0  0 0 0 0 0 0 0 0
0  0 1  1 0  1 0  0  0  0  0  1  0 1 0 0  0 0 0 0  0 1 0 0  0 1 0 0 1 0 0 1
0  0 1  1 0  0 0  0  0  0  0  0  0 0 0 0  0 0 0 0  0 1 0 0  0 1 0 0 0 1 1 0
0  0 0  0 0  0 0  0  1  1  0  1  0 0 1 0  0 0 1 0  0 1 1 0  0 0 0 0 0 0 0 0
0  0 0  1 0  0 0  0  0  1  0  0  0 0 0 0  0 0 0 0  0 0 0 0  0 0 0 0 0 0 0 0
1  1 1  1 0  0 0  0  0  0  0  1  0 0 0 0  0 0 0 0  0 0 0 0  0 0 0 0 0 0 0 0
0  0 0  1 0  0 0  0  0  0  0  1  1 0 1 0  0 0 0 0  0 0 0 1  0 0 0 0 0 0 0 0
0  0 0  1 0  0 0  0  0  0  0  1  0 0 0 1  0 0 0 0  0 0 1 0  0 0 0 0 0 0 0 0
0  1 1  1 0  0 0  0  0  0  0  1  0 0 1 0  0 0 0 0  1 0 1 0  0 0 0 0 0 0 0 0
0  0 1  1 0  1 0  0  0  0  0  1  0 1 0 0  0 0 0 0  0 1 0 0  0 1 0 0 1 1 0 0
0  0 0  0 1  0 0  0  0  0  0  1  1 0 1 0  0 0 1 1  1 0 0 1  0 0 0 0 0 0 0 0
0  1 1  0 0  0 0  0  0  0  0  1  0 0 1 0  0 0 1 0  1 0 1 0  0 0 0 0 0 0 0 0
0  0 1  1 0  0 0  0  0  0  0  0  0 0 0 0  0 0 0 0  0 1 0 0  0 1 0 1 0 0 0 0
0  0 0  0 1  0 0  0  0  0  0  1  1 0 1 0  0 0 1 1  1 0 0 1  0 0 0 0 0 0 0 0
0  0 0  1 1  0 0  0  0  0  0  1  1 0 1 0  0 0 0 0  1 0 1 0  0 0 0 0 0 0 0 0
0  1 1  0 0  0 0  0  0  0  0  1  1 0 1 0  1 0 1 0  0 1 1 0  0 1 0 0 1 0 1 1

6 Mac-1 instructions:

0 1 1 1   0 0 0 0   0 0 0 0   0 1 0 0
0 0 0 1   0 0 0 0   0 0 1 0   1 0 0 0
0 1 1 1   0 0 0 0   0 0 0 0   0 0 1 1
0 0 1 0   0 0 0 0   0 0 1 0   1 0 0 0
1 1 1 1   0 1 0 0   0 0 0 0   0 0 0 0
1 1 1 1   1 1 1 1   0 0 0 0   0 0 0 0

0 data items for main memory:

Register values:

PC  AC  SP  IR  TIR  0  +1  -1  AMASK  SMASK  A  B  C  D  E  F

0   0   69  0   0    0   1  -1  4095   255    0  0  0  0  0  0

The Mac-1 program can be summarized as follows:

0:  LOCO 4
1:  STOD 40
2:  LOCO 3
3:  ADDD 40
4:  PUSH
5:  HALT

End of the mic015.txt data file.
