The mic004.txt data file.  Contains a Mac-1 program that does a
procedure call (which adds the parameter to itself).  Updated 1/31/99.

80 microinstructions:

A   C
M   O    A        M  M        E
U   N    L    S   B  A  R  W  N     C        B        A          ADDR
X   D    U    H   R  R  D  R  C

0  0 0  1 0  0 0  0  1  1  0  0  0 0 0 0  0 0 0 0  0 0 0 0  0 0 0 0 0 0 0 0
0  0 0  0 0  0 0  0  0  1  0  1  0 0 0 0  0 0 0 0  0 1 1 0  0 0 0 0 0 0 0 0
1  0 1  1 0  0 0  0  0  0  0  1  0 0 1 1  0 0 0 0  0 0 0 0  0 0 0 1 1 1 0 0
0  0 1  0 0  1 0  0  0  0  0  1  0 1 0 0  0 0 1 1  0 0 1 1  0 0 0 1 0 0 1 1
0  0 1  1 0  1 0  0  0  0  0  1  0 1 0 0  0 0 0 0  0 1 0 0  0 0 0 0 1 0 1 1
0  0 1  1 0  0 0  0  0  0  0  0  0 0 0 0  0 0 0 0  0 1 0 0  0 0 0 0 1 0 0 1
0  0 0  1 0  0 0  0  1  1  0  0  0 0 0 0  0 0 1 1  0 0 0 0  0 0 0 0 0 0 0 0
0  0 0  1 0  0 0  0  0  1  0  0  0 0 0 0  0 0 0 0  0 0 0 0  0 0 0 0 0 0 0 0
1  1 1  1 0  0 0  0  0  0  0  1  0 0 0 1  0 0 0 0  0 0 0 0  0 0 0 0 0 0 0 0
0  0 0  1 0  0 0  1  1  0  1  0  0 0 0 0  0 0 1 1  0 0 0 1  0 0 0 0 0 0 0 0
0  1 1  1 0  0 0  0  0  0  1  0  0 0 0 0  0 0 0 0  0 0 0 0  0 0 0 0 0 0 0 0
0  0 1  1 0  0 0  0  0  0  0  0  0 0 0 0  0 0 0 0  0 1 0 0  0 0 0 0 1 1 1 1
0  0 0  1 0  0 0  0  1  1  0  0  0 0 0 0  0 0 1 1  0 0 0 0  0 0 0 0 0 0 0 0
0  0 0  1 0  0 0  0  0  1  0  0  0 0 0 0  0 0 0 0  0 0 0 0  0 0 0 0 0 0 0 0
1  1 1  0 0  0 0  0  0  0  0  1  0 0 0 1  0 0 0 1  0 0 0 0  0 0 0 0 0 0 0 0
0  0 0  1 0  0 0  0  1  1  0  0  0 0 0 0  0 0 1 1  0 0 0 0  0 0 0 0 0 0 0 0
0  0 0  0 0  0 0  0  0  1  0  1  0 0 0 1  0 0 0 1  0 1 1 0  0 0 0 0 0 0 0 0
1  0 0  1 1  0 0  0  0  0  0  1  1 0 1 0  0 0 0 0  0 0 0 0  0 0 0 0 0 0 0 0
0  1 1  0 0  0 0  0  0  0  0  1  0 0 0 1  0 0 0 1  1 0 1 0  0 0 0 0 0 0 0 0
0  0 1  1 0  1 0  0  0  0  0  1  0 1 0 0  0 0 0 0  0 1 0 0  0 0 0 1 1 0 0 1
0  0 1  1 0  0 0  0  0  0  0  0  0 0 0 0  0 0 0 0  0 1 0 0  0 0 0 1 0 1 1 1
0  0 1  1 0  0 0  0  0  0  0  0  0 0 0 0  0 0 0 0  0 0 0 1  0 0 0 0 0 0 0 0
0  1 1  0 1  0 0  0  0  0  0  1  0 0 0 0  0 0 1 1  1 0 0 0  0 0 0 0 0 0 0 0
0  1 0  1 0  0 0  0  0  0  0  0  0 0 0 0  0 0 0 0  0 0 0 1  0 0 0 1 0 1 1 0
0  1 1  1 0  0 0  0  0  0  0  0  0 0 0 0  0 0 0 0  0 0 0 0  0 0 0 0 0 0 0 0
0  0 1  1 0  0 0  0  0  0  0  0  0 0 0 0  0 0 0 0  0 1 0 0  0 0 0 1 1 0 1 1
0  1 1  0 1  0 0  0  0  0  0  1  0 0 0 0  0 0 1 1  1 0 0 0  0 0 0 0 0 0 0 0
0  1 1  0 1  0 0  0  0  0  0  1  0 0 0 1  0 0 1 1  1 0 0 0  0 0 0 0 0 0 0 0
0  0 1  0 0  1 0  0  0  0  0  1  0 1 0 0  0 0 1 1  0 0 1 1  0 0 1 0 1 0 0 0
0  0 1  1 0  1 0  0  0  0  0  1  0 1 0 0  0 0 0 0  0 1 0 0  0 0 1 0 0 0 1 1
0  0 1  1 0  0 0  0  0  0  0  0  0 0 0 0  0 0 0 0  0 1 0 0  0 0 1 0 0 0 0 1
0  0 0  0 0  0 0  0  0  0  0  1  1 0 1 0  0 0 1 1  0 0 1 0  0 0 0 0 0 0 0 0
0  1 1  1 0  0 0  0  1  1  0  0  0 0 0 0  1 0 1 0  0 0 0 0  0 0 0 0 0 1 1 1
0  0 0  0 0  0 0  0  0  0  0  1  1 0 1 0  0 0 1 1  0 0 1 0  0 0 0 0 0 0 0 0
0  1 1  1 0  0 0  1  1  0  1  0  0 0 0 0  1 0 1 0  0 0 0 1  0 0 0 0 1 0 1 0
0  0 1  1 0  0 0  0  0  0  0  0  0 0 0 0  0 0 0 0  0 1 0 0  0 0 1 0 0 1 1 0
0  0 0  0 0  0 0  0  0  0  0  1  1 0 1 0  0 0 1 1  0 0 1 0  0 0 0 0 0 0 0 0
0  1 1  1 0  0 0  0  1  1  0  0  0 0 0 0  1 0 1 0  0 0 0 0  0 0 0 0 1 1 0 1
0  0 0  0 0  0 0  0  0  0  0  1  1 0 1 0  0 0 1 1  0 0 1 0  0 0 0 0 0 0 0 0
0  1 1  1 0  0 0  0  1  1  0  0  0 0 0 0  1 0 1 0  0 0 0 0  0 0 0 1 0 0 0 0
0  0 1  1 0  1 0  0  0  0  0  1  0 1 0 0  0 0 0 0  0 1 0 0  0 0 1 0 1 1 1 0
0  0 1  1 0  0 0  0  0  0  0  0  0 0 0 0  0 0 0 0  0 1 0 0  0 0 1 0 1 1 0 0
0  0 1  1 0  0 0  0  0  0  0  0  0 0 0 0  0 0 0 0  0 0 0 1  0 0 0 1 0 1 1 0
0  1 1  1 0  0 0  0  0  0  0  0  0 0 0 0  0 0 0 0  0 0 0 0  0 0 0 0 0 0 0 0
0  1 0  1 0  0 0  0  0  0  0  0  0 0 0 0  0 0 0 0  0 0 0 1  0 0 0 0 0 0 0 0
0  1 1  0 1  0 0  0  0  0  0  1  0 0 0 0  0 0 1 1  1 0 0 0  0 0 0 0 0 0 0 0
0  0 1  1 0  1 0  0  0  0  0  1  0 1 0 0  0 0 0 0  0 1 0 0  0 0 1 1 0 0 1 0
0  0 0  0 0  0 0  0  0  0  0  1  0 0 1 0  0 1 1 1  0 0 1 0  0 0 0 0 0 0 0 0
0  0 0  1 0  0 0  1  1  0  1  0  0 0 0 0  0 0 1 0  0 0 0 0  0 0 0 0 0 0 0 0
0  1 1  0 1  0 0  0  0  0  1  1  0 0 0 0  0 0 1 1  1 0 0 0  0 0 0 0 0 0 0 0
0  0 1  1 0  1 0  0  0  0  0  1  0 1 0 0  0 0 0 0  0 1 0 0  0 1 0 0 0 0 0 1
0  0 1  1 0  1 0  0  0  0  0  1  0 1 0 0  0 0 0 0  0 1 0 0  0 0 1 1 1 0 1 1
0  0 1  1 0  0 0  0  0  0  0  0  0 0 0 0  0 0 0 0  0 1 0 0  0 0 1 1 1 0 0 0
0  0 0  1 0  0 0  0  1  1  0  0  0 0 0 0  0 0 0 1  0 0 0 0  0 0 0 0 0 0 0 0
0  0 0  0 0  0 0  0  0  1  0  1  0 0 1 0  0 1 1 1  0 0 1 0  0 0 0 0 0 0 0 0
0  1 1  1 0  0 0  0  1  0  1  0  0 0 0 0  0 0 1 0  0 0 0 0  0 0 0 0 1 0 1 0
0  0 0  0 0  0 0  0  1  1  0  1  0 0 1 0  0 0 1 0  0 1 1 0  0 0 0 0 0 0 0 0
0  0 0  1 0  0 0  0  0  1  0  0  0 0 0 0  0 0 0 0  0 0 0 0  0 0 0 0 0 0 0 0
0  1 1  1 0  0 0  0  1  0  1  0  0 0 0 0  0 0 0 1  0 0 0 0  0 0 0 0 1 0 1 0
0  0 1  1 0  0 0  0  0  0  0  0  0 0 0 0  0 0 0 0  0 1 0 0  0 0 1 1 1 1 1 0
0  0 0  0 0  0 0  0  0  0  0  1  0 0 1 0  0 1 1 1  0 0 1 0  0 0 0 0 0 0 0 0
0  1 1  1 0  0 0  1  1  0  1  0  0 0 0 0  0 0 1 0  0 0 0 1  0 0 0 0 1 0 1 0
0  0 0  0 0  0 0  0  1  1  0  1  0 0 1 0  0 0 1 0  0 1 1 0  0 0 0 0 0 0 0 0
0  0 0  1 0  0 0  0  0  1  0  0  0 0 0 0  0 0 0 0  0 0 0 0  0 0 0 0 0 0 0 0
1  1 1  1 0  0 0  0  0  0  0  1  0 0 0 1  0 0 0 0  0 0 0 0  0 0 0 0 0 0 0 0
0  0 1  1 0  1 0  0  0  0  0  1  0 1 0 0  0 0 0 0  0 1 0 0  0 1 0 0 1 0 0 1
0  0 1  1 0  0 0  0  0  0  0  0  0 0 0 0  0 0 0 0  0 1 0 0  0 1 0 0 0 1 1 0
0  0 0  0 0  0 0  0  1  1  0  1  0 0 1 0  0 0 1 0  0 1 1 0  0 0 0 0 0 0 0 0
0  0 0  1 0  0 0  0  0  1  0  0  0 0 0 0  0 0 0 0  0 0 0 0  0 0 0 0 0 0 0 0
1  1 1  1 0  0 0  0  0  0  0  1  0 0 0 0  0 0 0 0  0 0 0 0  0 0 0 0 0 0 0 0
0  0 0  1 0  0 0  0  0  0  0  1  1 0 1 0  0 0 0 0  0 0 0 1  0 0 0 0 0 0 0 0
0  0 0  1 0  0 0  0  0  0  0  1  0 0 0 1  0 0 0 0  0 0 1 0  0 0 0 0 0 0 0 0
0  1 1  1 0  0 0  0  0  0  0  1  0 0 1 0  0 0 0 0  1 0 1 0  0 0 0 0 0 0 0 0
0  0 1  1 0  1 0  0  0  0  0  1  0 1 0 0  0 0 0 0  0 1 0 0  0 1 0 0 1 1 0 0
0  0 0  0 1  0 0  0  0  0  0  1  1 0 1 0  0 0 1 1  1 0 0 1  0 0 0 0 0 0 0 0
0  1 1  0 0  0 0  0  0  0  0  1  0 0 1 0  0 0 1 0  1 0 1 0  0 0 0 0 0 0 0 0
0  0 1  1 0  0 0  0  0  0  0  0  0 0 0 0  0 0 0 0  0 1 0 0  0 1 0 1 0 0 0 0
0  0 0  0 1  0 0  0  0  0  0  1  1 0 1 0  0 0 1 1  1 0 0 1  0 0 0 0 0 0 0 0
0  0 0  1 1  0 0  0  0  0  0  1  1 0 1 0  0 0 0 0  1 0 1 0  0 0 0 0 0 0 0 0
0  1 1  0 0  0 0  0  0  0  0  1  1 0 1 0  1 0 1 0  0 1 1 0  0 1 0 0 1 0 1 1

16 Mac-1 instructions:

1 1 1 1   1 1 1 0   0 0 0 0   0 0 1 0
0 1 1 1   0 0 0 0   0 0 0 0   0 1 1 0
0 0 0 1   0 0 0 0   0 1 0 0   0 1 0 0
0 0 0 0   0 0 0 0   0 1 0 0   0 1 0 0
1 1 1 1   0 1 0 0   0 0 0 0   0 0 0 0
0 1 1 1   0 0 0 0   0 1 0 0   0 0 1 1
1 1 1 1   0 1 0 0   0 0 0 0   0 0 0 0
1 1 1 0   0 0 0 0   0 0 0 0   1 0 1 0
1 1 1 1   1 1 0 0   0 0 0 0   0 0 1 0
1 1 1 1   1 1 1 1   0 0 0 0   0 0 0 0
1 0 0 0   0 0 0 0   0 0 0 0   0 0 1 0
1 0 1 0   0 0 0 0   0 0 0 0   0 0 1 0
1 1 1 1   0 1 0 0   0 0 0 0   0 0 0 0
1 0 0 0   0 0 0 0   0 0 0 0   0 0 1 0
1 1 1 1   0 0 1 0   0 0 0 0   0 0 0 0
1 1 1 1   1 0 0 0   0 0 0 0   0 0 0 0

0 data items for main memory:

Register values:

PC  AC  SP  IR  TIR  0  +1  -1  AMASK  SMASK  A  B  C  D  E  F

0   0   69  0   0    0   1  -1  4095   255    0  0  0  0  0  0

The assembly code for the Mac-1 instructions follows:

 0:     DESP 2          save room for main's one constant and one variable
 1:     LOCO 6
 2:     STOD 68         put the 6 into the location for the constant
 3:	LODD 68		look up the constant (redundant, but some compilers might)
 4:	PUSH		push the call by value parameter
 5:	LOCO 67
 6:	PUSH		push the address (for a call by reference parameter)
 7:	CALL 10		call the procedure
 8:	INSP 2		remove the parameters from the stack
 9:	HALT
10:	LODL 2		start of procedure - get the call by value parameter
11:	ADDL 2		and add it to itself
12:	PUSH		temporarily push the sum onto the stack
13:	LODL 2		get the address of where to put the sum
14:	POPI		and put it there
15:	RETN

End of the mic004.txt data file.
