The mic022.txt data file.  Contains a Mac-1 program to test a new Mac-1
instruction, NEGA, which negates the value in the accumulator.  This test
program reads the value from memory location 40 and negates it.  It also
decrements and increments the stack pointer to be sure that these Mac-1
instructions did not get mangled, as they are in the section of microcode
that was modified.

New Mac-1 instruction:  NEGA  encoded as 1 1 1 1  1 1 0 1, with anything
as the low order 8 bits (which are unused).  Negates the value in the AC
by doing a 2's complement of the value, putting the answer back into the AC.

83 microinstructions:

A   C
M   O    A        M  M        E
U   N    L    S   B  A  R  W  N     C        B        A          ADDR
X   D    U    H   R  R  D  R  C

0  0 0  1 0  0 0  0  1  1  0  0  0 0 0 0  0 0 0 0  0 0 0 0  0 0 0 0 0 0 0 0
0  0 0  0 0  0 0  0  0  1  0  1  0 0 0 0  0 0 0 0  0 1 1 0  0 0 0 0 0 0 0 0
1  0 1  1 0  0 0  0  0  0  0  1  0 0 1 1  0 0 0 0  0 0 0 0  0 0 0 1 1 1 0 0
0  0 1  0 0  1 0  0  0  0  0  1  0 1 0 0  0 0 1 1  0 0 1 1  0 0 0 1 0 0 1 1
0  0 1  1 0  1 0  0  0  0  0  1  0 1 0 0  0 0 0 0  0 1 0 0  0 0 0 0 1 0 1 1
0  0 1  1 0  0 0  0  0  0  0  0  0 0 0 0  0 0 0 0  0 1 0 0  0 0 0 0 1 0 0 1
0  0 0  1 0  0 0  0  1  1  0  0  0 0 0 0  0 0 1 1  0 0 0 0  0 0 0 0 0 0 0 0
0  0 0  1 0  0 0  0  0  1  0  0  0 0 0 0  0 0 0 0  0 0 0 0  0 0 0 0 0 0 0 0
1  1 1  1 0  0 0  0  0  0  0  1  0 0 0 1  0 0 0 0  0 0 0 0  0 0 0 0 0 0 0 0
0  0 0  1 0  0 0  1  1  0  1  0  0 0 0 0  0 0 1 1  0 0 0 1  0 0 0 0 0 0 0 0
0  1 1  1 0  0 0  0  0  0  1  0  0 0 0 0  0 0 0 0  0 0 0 0  0 0 0 0 0 0 0 0
0  0 1  1 0  0 0  0  0  0  0  0  0 0 0 0  0 0 0 0  0 1 0 0  0 0 0 0 1 1 1 1
0  0 0  1 0  0 0  0  1  1  0  0  0 0 0 0  0 0 1 1  0 0 0 0  0 0 0 0 0 0 0 0
0  0 0  1 0  0 0  0  0  1  0  0  0 0 0 0  0 0 0 0  0 0 0 0  0 0 0 0 0 0 0 0
1  1 1  0 0  0 0  0  0  0  0  1  0 0 0 1  0 0 0 1  0 0 0 0  0 0 0 0 0 0 0 0
0  0 0  1 0  0 0  0  1  1  0  0  0 0 0 0  0 0 1 1  0 0 0 0  0 0 0 0 0 0 0 0
0  0 0  0 0  0 0  0  0  1  0  1  0 0 0 1  0 0 0 1  0 1 1 0  0 0 0 0 0 0 0 0
1  0 0  1 1  0 0  0  0  0  0  1  1 0 1 0  0 0 0 0  0 0 0 0  0 0 0 0 0 0 0 0
0  1 1  0 0  0 0  0  0  0  0  1  0 0 0 1  0 0 0 1  1 0 1 0  0 0 0 0 0 0 0 0
0  0 1  1 0  1 0  0  0  0  0  1  0 1 0 0  0 0 0 0  0 1 0 0  0 0 0 1 1 0 0 1
0  0 1  1 0  0 0  0  0  0  0  0  0 0 0 0  0 0 0 0  0 1 0 0  0 0 0 1 0 1 1 1
0  0 1  1 0  0 0  0  0  0  0  0  0 0 0 0  0 0 0 0  0 0 0 1  0 0 0 0 0 0 0 0
0  1 1  0 1  0 0  0  0  0  0  1  0 0 0 0  0 0 1 1  1 0 0 0  0 0 0 0 0 0 0 0
0  1 0  1 0  0 0  0  0  0  0  0  0 0 0 0  0 0 0 0  0 0 0 1  0 0 0 1 0 1 1 0
0  1 1  1 0  0 0  0  0  0  0  0  0 0 0 0  0 0 0 0  0 0 0 0  0 0 0 0 0 0 0 0
0  0 1  1 0  0 0  0  0  0  0  0  0 0 0 0  0 0 0 0  0 1 0 0  0 0 0 1 1 0 1 1
0  1 1  0 1  0 0  0  0  0  0  1  0 0 0 0  0 0 1 1  1 0 0 0  0 0 0 0 0 0 0 0
0  1 1  0 1  0 0  0  0  0  0  1  0 0 0 1  0 0 1 1  1 0 0 0  0 0 0 0 0 0 0 0
0  0 1  0 0  1 0  0  0  0  0  1  0 1 0 0  0 0 1 1  0 0 1 1  0 0 1 0 1 0 0 0
0  0 1  1 0  1 0  0  0  0  0  1  0 1 0 0  0 0 0 0  0 1 0 0  0 0 1 0 0 0 1 1
0  0 1  1 0  0 0  0  0  0  0  0  0 0 0 0  0 0 0 0  0 1 0 0  0 0 1 0 0 0 0 1
0  0 0  0 0  0 0  0  0  0  0  1  1 0 1 0  0 0 1 1  0 0 1 0  0 0 0 0 0 0 0 0
0  1 1  1 0  0 0  0  1  1  0  0  0 0 0 0  1 0 1 0  0 0 0 0  0 0 0 0 0 1 1 1
0  0 0  0 0  0 0  0  0  0  0  1  1 0 1 0  0 0 1 1  0 0 1 0  0 0 0 0 0 0 0 0
0  1 1  1 0  0 0  1  1  0  1  0  0 0 0 0  1 0 1 0  0 0 0 1  0 0 0 0 1 0 1 0
0  0 1  1 0  0 0  0  0  0  0  0  0 0 0 0  0 0 0 0  0 1 0 0  0 0 1 0 0 1 1 0
0  0 0  0 0  0 0  0  0  0  0  1  1 0 1 0  0 0 1 1  0 0 1 0  0 0 0 0 0 0 0 0
0  1 1  1 0  0 0  0  1  1  0  0  0 0 0 0  1 0 1 0  0 0 0 0  0 0 0 0 1 1 0 1
0  0 0  0 0  0 0  0  0  0  0  1  1 0 1 0  0 0 1 1  0 0 1 0  0 0 0 0 0 0 0 0
0  1 1  1 0  0 0  0  1  1  0  0  0 0 0 0  1 0 1 0  0 0 0 0  0 0 0 1 0 0 0 0
0  0 1  1 0  1 0  0  0  0  0  1  0 1 0 0  0 0 0 0  0 1 0 0  0 0 1 0 1 1 1 0
0  0 1  1 0  0 0  0  0  0  0  0  0 0 0 0  0 0 0 0  0 1 0 0  0 0 1 0 1 1 0 0
0  0 1  1 0  0 0  0  0  0  0  0  0 0 0 0  0 0 0 0  0 0 0 1  0 0 0 1 0 1 1 0
0  1 1  1 0  0 0  0  0  0  0  0  0 0 0 0  0 0 0 0  0 0 0 0  0 0 0 0 0 0 0 0
0  1 0  1 0  0 0  0  0  0  0  0  0 0 0 0  0 0 0 0  0 0 0 1  0 0 0 0 0 0 0 0
0  1 1  0 1  0 0  0  0  0  0  1  0 0 0 0  0 0 1 1  1 0 0 0  0 0 0 0 0 0 0 0
0  0 1  1 0  1 0  0  0  0  0  1  0 1 0 0  0 0 0 0  0 1 0 0  0 0 1 1 0 0 1 0
0  0 0  0 0  0 0  0  0  0  0  1  0 0 1 0  0 1 1 1  0 0 1 0  0 0 0 0 0 0 0 0
0  0 0  1 0  0 0  1  1  0  1  0  0 0 0 0  0 0 1 0  0 0 0 0  0 0 0 0 0 0 0 0
0  1 1  0 1  0 0  0  0  0  1  1  0 0 0 0  0 0 1 1  1 0 0 0  0 0 0 0 0 0 0 0
0  0 1  1 0  1 0  0  0  0  0  1  0 1 0 0  0 0 0 0  0 1 0 0  0 1 0 0 0 0 0 1
0  0 1  1 0  1 0  0  0  0  0  1  0 1 0 0  0 0 0 0  0 1 0 0  0 0 1 1 1 0 1 1
0  0 1  1 0  0 0  0  0  0  0  0  0 0 0 0  0 0 0 0  0 1 0 0  0 0 1 1 1 0 0 0
0  0 0  1 0  0 0  0  1  1  0  0  0 0 0 0  0 0 0 1  0 0 0 0  0 0 0 0 0 0 0 0
0  0 0  0 0  0 0  0  0  1  0  1  0 0 1 0  0 1 1 1  0 0 1 0  0 0 0 0 0 0 0 0
0  1 1  1 0  0 0  0  1  0  1  0  0 0 0 0  0 0 1 0  0 0 0 0  0 0 0 0 1 0 1 0
0  0 0  0 0  0 0  0  1  1  0  1  0 0 1 0  0 0 1 0  0 1 1 0  0 0 0 0 0 0 0 0
0  0 0  1 0  0 0  0  0  1  0  0  0 0 0 0  0 0 0 0  0 0 0 0  0 0 0 0 0 0 0 0
0  1 1  1 0  0 0  0  1  0  1  0  0 0 0 0  0 0 0 1  0 0 0 0  0 0 0 0 1 0 1 0
0  0 1  1 0  0 0  0  0  0  0  0  0 0 0 0  0 0 0 0  0 1 0 0  0 0 1 1 1 1 1 0
0  0 0  0 0  0 0  0  0  0  0  1  0 0 1 0  0 1 1 1  0 0 1 0  0 0 0 0 0 0 0 0
0  1 1  1 0  0 0  1  1  0  1  0  0 0 0 0  0 0 1 0  0 0 0 1  0 0 0 0 1 0 1 0
0  0 0  0 0  0 0  0  1  1  0  1  0 0 1 0  0 0 1 0  0 1 1 0  0 0 0 0 0 0 0 0
0  0 0  1 0  0 0  0  0  1  0  0  0 0 0 0  0 0 0 0  0 0 0 0  0 0 0 0 0 0 0 0
1  1 1  1 0  0 0  0  0  0  0  1  0 0 0 1  0 0 0 0  0 0 0 0  0 0 0 0 0 0 0 0
0  0 1  1 0  1 0  0  0  0  0  1  0 1 0 0  0 0 0 0  0 1 0 0  0 1 0 0 1 0 0 1
0  0 1  1 0  0 0  0  0  0  0  0  0 0 0 0  0 0 0 0  0 1 0 0  0 1 0 0 0 1 1 0
0  0 0  0 0  0 0  0  1  1  0  1  0 0 1 0  0 0 1 0  0 1 1 0  0 0 0 0 0 0 0 0
0  0 0  1 0  0 0  0  0  1  0  0  0 0 0 0  0 0 0 0  0 0 0 0  0 0 0 0 0 0 0 0
1  1 1  1 0  0 0  0  0  0  0  1  0 0 0 0  0 0 0 0  0 0 0 0  0 0 0 0 0 0 0 0
0  0 0  1 0  0 0  0  0  0  0  1  1 0 1 0  0 0 0 0  0 0 0 1  0 0 0 0 0 0 0 0
0  0 0  1 0  0 0  0  0  0  0  1  0 0 0 1  0 0 0 0  0 0 1 0  0 0 0 0 0 0 0 0
0  1 1  1 0  0 0  0  0  0  0  1  0 0 1 0  0 0 0 0  1 0 1 0  0 0 0 0 0 0 0 0
0  0 1  1 0  1 0  0  0  0  0  1  0 1 0 0  0 0 0 0  0 1 0 0  0 1 0 0 1 1 0 1
0  0 1  1 0  0 0  0  0  0  0  0  0 0 0 0  0 0 0 0  0 1 0 0  0 1 0 1 0 0 0 1
0  0 0  0 1  0 0  0  0  0  0  1  1 0 1 0  0 0 1 1  1 0 0 1  0 0 0 0 0 0 0 0
0  1 1  0 0  0 0  0  0  0  0  1  0 0 1 0  0 0 1 0  1 0 1 0  0 0 0 0 0 0 0 0
0  0 1  1 0  0 0  0  0  0  0  0  0 0 0 0  0 0 0 0  0 1 0 0  0 1 0 1 0 0 1 1
0  0 0  0 1  0 0  0  0  0  0  1  1 0 1 0  0 0 1 1  1 0 0 1  0 0 0 0 0 0 0 0
0  0 0  1 1  0 0  0  0  0  0  1  1 0 1 0  0 0 0 0  1 0 1 0  0 0 0 0 0 0 0 0
0  1 1  0 0  0 0  0  0  0  0  1  1 0 1 0  1 0 1 0  0 1 1 0  0 1 0 0 1 1 0 0
0  0 0  1 1  0 0  0  0  0  0  1  0 0 0 1  0 0 0 0  0 0 0 1  0 0 0 0 0 0 0 0
0  1 1  0 0  0 0  0  0  0  0  1  0 0 0 1  0 1 1 0  0 0 0 1  0 0 0 0 0 0 0 0

5 Mac-1 instructions:

0 0 0 0   0 0 0 0   0 0 1 0   1 0 0 0
1 1 1 1   1 1 0 1   0 0 0 0   0 0 0 0
1 1 1 1   1 1 1 0   0 0 0 0   0 0 1 1
1 1 1 1   1 1 0 0   0 0 0 0   0 0 1 1
1 1 1 1   1 1 1 1   0 0 0 0   0 0 0 0

1 data item for main memory:
1

Register values:

PC  AC  SP  IR  TIR  0  +1  -1  AMASK  SMASK  A  B  C  D  E  F

0   0   69  0   0    0   1  -1  4095   255    0  0  0  0  0  0

The Mac-1 program can be summarized as follows:

0:  LODD 40
1:  NEGA
2:  DESP 3
3:  INSP 3
4:  HALT

Here is the modified section of the microcode:

73:  tir := lshift(tir); if n then goto 77;     { 1111 110x or 1111 111x ? }
74:  alu := tir; if n then goto 81;             { 1111 1100 or 1111 1101 ? }
75:  a := band(ir, smask);                      { execute: 1111 1100  INSP }
76:  sp := sp + a; goto 0;                      
77:  alu := tir; if n then goto 83;             { 1111 1110 or 1111 1111 }
78:  a := band(ir, smask);                      { execute: 1111 1110  DESP }
79:  a := inv(a);
80:  a := a + 1; goto 76;                       
81:  ac := inv(ac);                             { execute: 1111 1101  NEGA }
82:  ac := ac + 1; goto 0;

End of the mic022.txt data file.
