The mic003.txt data file.  Contains a Mac-1 program that reads n, m, 
and k from memory, then computes and pushes n * m + k.

80 microinstructions:

A   C
M   O    A        M  M        E
U   N    L    S   B  A  R  W  N     C        B        A          ADDR
X   D    U    H   R  R  D  R  C

0  0 0  1 0  0 0  0  1  1  0  0  0 0 0 0  0 0 0 0  0 0 0 0  0 0 0 0 0 0 0 0
0  0 0  0 0  0 0  0  0  1  0  1  0 0 0 0  0 0 0 0  0 1 1 0  0 0 0 0 0 0 0 0
1  0 1  1 0  0 0  0  0  0  0  1  0 0 1 1  0 0 0 0  0 0 0 0  0 0 0 1 1 1 0 0
0  0 1  0 0  1 0  0  0  0  0  1  0 1 0 0  0 0 1 1  0 0 1 1  0 0 0 1 0 0 1 1
0  0 1  1 0  1 0  0  0  0  0  1  0 1 0 0  0 0 0 0  0 1 0 0  0 0 0 0 1 0 1 1
0  0 1  1 0  0 0  0  0  0  0  0  0 0 0 0  0 0 0 0  0 1 0 0  0 0 0 0 1 0 0 1
0  0 0  1 0  0 0  0  1  1  0  0  0 0 0 0  0 0 1 1  0 0 0 0  0 0 0 0 0 0 0 0
0  0 0  1 0  0 0  0  0  1  0  0  0 0 0 0  0 0 0 0  0 0 0 0  0 0 0 0 0 0 0 0
1  1 1  1 0  0 0  0  0  0  0  1  0 0 0 1  0 0 0 0  0 0 0 0  0 0 0 0 0 0 0 0
0  0 0  1 0  0 0  1  1  0  1  0  0 0 0 0  0 0 1 1  0 0 0 1  0 0 0 0 0 0 0 0
0  1 1  1 0  0 0  0  0  0  1  0  0 0 0 0  0 0 0 0  0 0 0 0  0 0 0 0 0 0 0 0
0  0 1  1 0  0 0  0  0  0  0  0  0 0 0 0  0 0 0 0  0 1 0 0  0 0 0 0 1 1 1 1
0  0 0  1 0  0 0  0  1  1  0  0  0 0 0 0  0 0 1 1  0 0 0 0  0 0 0 0 0 0 0 0
0  0 0  1 0  0 0  0  0  1  0  0  0 0 0 0  0 0 0 0  0 0 0 0  0 0 0 0 0 0 0 0
1  1 1  0 0  0 0  0  0  0  0  1  0 0 0 1  0 0 0 1  0 0 0 0  0 0 0 0 0 0 0 0
0  0 0  1 0  0 0  0  1  1  0  0  0 0 0 0  0 0 1 1  0 0 0 0  0 0 0 0 0 0 0 0
0  0 0  0 0  0 0  0  0  1  0  1  0 0 0 1  0 0 0 1  0 1 1 0  0 0 0 0 0 0 0 0
1  0 0  1 1  0 0  0  0  0  0  1  1 0 1 0  0 0 0 0  0 0 0 0  0 0 0 0 0 0 0 0
0  1 1  0 0  0 0  0  0  0  0  1  0 0 0 1  0 0 0 1  1 0 1 0  0 0 0 0 0 0 0 0
0  0 1  1 0  1 0  0  0  0  0  1  0 1 0 0  0 0 0 0  0 1 0 0  0 0 0 1 1 0 0 1
0  0 1  1 0  0 0  0  0  0  0  0  0 0 0 0  0 0 0 0  0 1 0 0  0 0 0 1 0 1 1 1
0  0 1  1 0  0 0  0  0  0  0  0  0 0 0 0  0 0 0 0  0 0 0 1  0 0 0 0 0 0 0 0
0  1 1  0 1  0 0  0  0  0  0  1  0 0 0 0  0 0 1 1  1 0 0 0  0 0 0 0 0 0 0 0
0  1 0  1 0  0 0  0  0  0  0  0  0 0 0 0  0 0 0 0  0 0 0 1  0 0 0 1 0 1 1 0
0  1 1  1 0  0 0  0  0  0  0  0  0 0 0 0  0 0 0 0  0 0 0 0  0 0 0 0 0 0 0 0
0  0 1  1 0  0 0  0  0  0  0  0  0 0 0 0  0 0 0 0  0 1 0 0  0 0 0 1 1 0 1 1
0  1 1  0 1  0 0  0  0  0  0  1  0 0 0 0  0 0 1 1  1 0 0 0  0 0 0 0 0 0 0 0
0  1 1  0 1  0 0  0  0  0  0  1  0 0 0 1  0 0 1 1  1 0 0 0  0 0 0 0 0 0 0 0
0  0 1  0 0  1 0  0  0  0  0  1  0 1 0 0  0 0 1 1  0 0 1 1  0 0 1 0 1 0 0 0
0  0 1  1 0  1 0  0  0  0  0  1  0 1 0 0  0 0 0 0  0 1 0 0  0 0 1 0 0 0 1 1
0  0 1  1 0  0 0  0  0  0  0  0  0 0 0 0  0 0 0 0  0 1 0 0  0 0 1 0 0 0 0 1
0  0 0  0 0  0 0  0  0  0  0  1  1 0 1 0  0 0 1 1  0 0 1 0  0 0 0 0 0 0 0 0
0  1 1  1 0  0 0  0  1  1  0  0  0 0 0 0  1 0 1 0  0 0 0 0  0 0 0 0 0 1 1 1
0  0 0  0 0  0 0  0  0  0  0  1  1 0 1 0  0 0 1 1  0 0 1 0  0 0 0 0 0 0 0 0
0  1 1  1 0  0 0  1  1  0  1  0  0 0 0 0  1 0 1 0  0 0 0 1  0 0 0 0 1 0 1 0
0  0 1  1 0  0 0  0  0  0  0  0  0 0 0 0  0 0 0 0  0 1 0 0  0 0 1 0 0 1 1 0
0  0 0  0 0  0 0  0  0  0  0  1  1 0 1 0  0 0 1 1  0 0 1 0  0 0 0 0 0 0 0 0
0  1 1  1 0  0 0  0  1  1  0  0  0 0 0 0  1 0 1 0  0 0 0 0  0 0 0 0 1 1 0 1
0  0 0  0 0  0 0  0  0  0  0  1  1 0 1 0  0 0 1 1  0 0 1 0  0 0 0 0 0 0 0 0
0  1 1  1 0  0 0  0  1  1  0  0  0 0 0 0  1 0 1 0  0 0 0 0  0 0 0 1 0 0 0 0
0  0 1  1 0  1 0  0  0  0  0  1  0 1 0 0  0 0 0 0  0 1 0 0  0 0 1 0 1 1 1 0
0  0 1  1 0  0 0  0  0  0  0  0  0 0 0 0  0 0 0 0  0 1 0 0  0 0 1 0 1 1 0 0
0  0 1  1 0  0 0  0  0  0  0  0  0 0 0 0  0 0 0 0  0 0 0 1  0 0 0 1 0 1 1 0
0  1 1  1 0  0 0  0  0  0  0  0  0 0 0 0  0 0 0 0  0 0 0 0  0 0 0 0 0 0 0 0
0  1 0  1 0  0 0  0  0  0  0  0  0 0 0 0  0 0 0 0  0 0 0 1  0 0 0 0 0 0 0 0
0  1 1  0 1  0 0  0  0  0  0  1  0 0 0 0  0 0 1 1  1 0 0 0  0 0 0 0 0 0 0 0
0  0 1  1 0  1 0  0  0  0  0  1  0 1 0 0  0 0 0 0  0 1 0 0  0 0 1 1 0 0 1 0
0  0 0  0 0  0 0  0  0  0  0  1  0 0 1 0  0 1 1 1  0 0 1 0  0 0 0 0 0 0 0 0
0  0 0  1 0  0 0  1  1  0  1  0  0 0 0 0  0 0 1 0  0 0 0 0  0 0 0 0 0 0 0 0
0  1 1  0 1  0 0  0  0  0  1  1  0 0 0 0  0 0 1 1  1 0 0 0  0 0 0 0 0 0 0 0
0  0 1  1 0  1 0  0  0  0  0  1  0 1 0 0  0 0 0 0  0 1 0 0  0 1 0 0 0 0 0 1
0  0 1  1 0  1 0  0  0  0  0  1  0 1 0 0  0 0 0 0  0 1 0 0  0 0 1 1 1 0 1 1
0  0 1  1 0  0 0  0  0  0  0  0  0 0 0 0  0 0 0 0  0 1 0 0  0 0 1 1 1 0 0 0
0  0 0  1 0  0 0  0  1  1  0  0  0 0 0 0  0 0 0 1  0 0 0 0  0 0 0 0 0 0 0 0
0  0 0  0 0  0 0  0  0  1  0  1  0 0 1 0  0 1 1 1  0 0 1 0  0 0 0 0 0 0 0 0
0  1 1  1 0  0 0  0  1  0  1  0  0 0 0 0  0 0 1 0  0 0 0 0  0 0 0 0 1 0 1 0
0  0 0  0 0  0 0  0  1  1  0  1  0 0 1 0  0 0 1 0  0 1 1 0  0 0 0 0 0 0 0 0
0  0 0  1 0  0 0  0  0  1  0  0  0 0 0 0  0 0 0 0  0 0 0 0  0 0 0 0 0 0 0 0
0  1 1  1 0  0 0  0  1  0  1  0  0 0 0 0  0 0 0 1  0 0 0 0  0 0 0 0 1 0 1 0
0  0 1  1 0  0 0  0  0  0  0  0  0 0 0 0  0 0 0 0  0 1 0 0  0 0 1 1 1 1 1 0
0  0 0  0 0  0 0  0  0  0  0  1  0 0 1 0  0 1 1 1  0 0 1 0  0 0 0 0 0 0 0 0
0  1 1  1 0  0 0  1  1  0  1  0  0 0 0 0  0 0 1 0  0 0 0 1  0 0 0 0 1 0 1 0
0  0 0  0 0  0 0  0  1  1  0  1  0 0 1 0  0 0 1 0  0 1 1 0  0 0 0 0 0 0 0 0
0  0 0  1 0  0 0  0  0  1  0  0  0 0 0 0  0 0 0 0  0 0 0 0  0 0 0 0 0 0 0 0
1  1 1  1 0  0 0  0  0  0  0  1  0 0 0 1  0 0 0 0  0 0 0 0  0 0 0 0 0 0 0 0
0  0 1  1 0  1 0  0  0  0  0  1  0 1 0 0  0 0 0 0  0 1 0 0  0 1 0 0 1 0 0 1
0  0 1  1 0  0 0  0  0  0  0  0  0 0 0 0  0 0 0 0  0 1 0 0  0 1 0 0 0 1 1 0
0  0 0  0 0  0 0  0  1  1  0  1  0 0 1 0  0 0 1 0  0 1 1 0  0 0 0 0 0 0 0 0
0  0 0  1 0  0 0  0  0  1  0  0  0 0 0 0  0 0 0 0  0 0 0 0  0 0 0 0 0 0 0 0
1  1 1  1 0  0 0  0  0  0  0  1  0 0 0 0  0 0 0 0  0 0 0 0  0 0 0 0 0 0 0 0
0  0 0  1 0  0 0  0  0  0  0  1  1 0 1 0  0 0 0 0  0 0 0 1  0 0 0 0 0 0 0 0
0  0 0  1 0  0 0  0  0  0  0  1  0 0 0 1  0 0 0 0  0 0 1 0  0 0 0 0 0 0 0 0
0  1 1  1 0  0 0  0  0  0  0  1  0 0 1 0  0 0 0 0  1 0 1 0  0 0 0 0 0 0 0 0
0  0 1  1 0  1 0  0  0  0  0  1  0 1 0 0  0 0 0 0  0 1 0 0  0 1 0 0 1 1 0 0
0  0 0  0 1  0 0  0  0  0  0  1  1 0 1 0  0 0 1 1  1 0 0 1  0 0 0 0 0 0 0 0
0  1 1  0 0  0 0  0  0  0  0  1  0 0 1 0  0 0 1 0  1 0 1 0  0 0 0 0 0 0 0 0
0  0 1  1 0  0 0  0  0  0  0  0  0 0 0 0  0 0 0 0  0 1 0 0  0 1 0 1 0 0 0 0
0  0 0  0 1  0 0  0  0  0  0  1  1 0 1 0  0 0 1 1  1 0 0 1  0 0 0 0 0 0 0 0
0  0 0  1 1  0 0  0  0  0  0  1  1 0 1 0  0 0 0 0  1 0 1 0  0 0 0 0 0 0 0 0
0  1 1  0 0  0 0  0  0  0  0  1  1 0 1 0  1 0 1 0  0 1 1 0  0 1 0 0 1 0 1 1

16 Mac-1 instructions:

0 1 1 1   0 0 0 0   0 0 0 0   0 0 0 1
0 0 0 1   0 0 0 0   0 0 1 0   1 0 1 1
0 1 1 1   0 0 0 0   0 0 0 0   0 0 0 0
1 1 1 1   0 1 0 0   0 0 0 0   0 0 0 0
0 0 0 0   0 0 0 0   0 0 1 0   1 0 0 0
0 1 0 1   0 0 0 0   0 0 0 0   1 1 0 0
0 0 1 1   0 0 0 0   0 0 1 0   1 0 1 1
0 0 0 1   0 0 0 0   0 0 1 0   1 0 0 0
0 0 0 0   0 0 0 0   0 0 1 0   1 0 0 1
1 0 1 0   0 0 0 0   0 0 0 0   0 0 0 0
1 0 0 1   0 0 0 0   0 0 0 0   0 0 0 0
0 1 1 0   0 0 0 0   0 0 0 0   0 1 0 0
1 1 1 1   0 1 1 0   0 0 0 0   0 0 0 0
0 0 1 0   0 0 0 0   0 0 1 0   1 0 1 0
1 1 1 1   0 1 0 0   0 0 0 0   0 0 0 0
1 1 1 1   1 1 1 1   0 0 0 0   0 0 0 0

3 data items for main memory:

1  5  6

Register values:

PC  AC  SP  IR  TIR  0  +1  -1  AMASK  SMASK  A  B  C  D  E  F

0   0   69  0   0    0   1  -1  4095   255    0  0  0  0  0  0

 0:  LOCO 1    { ac := 1 }
 1:  STOD 43   { m[43] := ac }
 2:  LOCO 0    { ac := 0 }
 3:  PUSH      { sp := sp - 1; m[sp] := ac }
 4:  LODD 40   { ac := m[40] }
 5:  JZER 12   { if ac = 0 then pc := 12 }
 6:  SUBD 43   { ac := ac - m[43] }
 7:  STOD 40   { m[40] := ac }
 8:  LODD 41   { ac := m[41] }
 9:  ADDL 0    { ac := ac + m[sp + 0] }
10:  STOL 0    { m[sp + 0] := ac }
11:  JUMP 4    { pc := 4 }
12:  POP       { ac := m[sp]; sp := sp + 1 }
13:  ADDD 42   { ac := ac + m[42] }
14:  PUSH      { sp := sp - 1; m[sp] := ac }
15:  HALT

End of the mic003.txt data file.
